foodcamimages/TRAIN/20080310175517.jpg 0,0,0,0 1491
foodcamimages/TRAIN/20080311002618.jpg 182,182,405,171 1498
foodcamimages/TRAIN/20080311143535.jpg 147,389,163,88 1513
foodcamimages/TRAIN/20080311144548.jpg 0,0,0,0 1513
foodcamimages/TRAIN/20080311174910.jpg 251,139,321,192 1503
foodcamimages/TRAIN/20080311175109.jpg 261,140,124,188 1503
foodcamimages/TRAIN/20080311200228.jpg 127,108,273,229 1503
foodcamimages/TRAIN/20080312053201.jpg 0,0,0,0 1498
foodcamimages/TRAIN/20080312162110.jpg 112,225,145,129 1513
foodcamimages/TRAIN/20080312175112.jpg 0,0,0,0 1498
foodcamimages/TRAIN/20080313115547.jpg 0,0,0,0 1498
foodcamimages/TRAIN/20080314140207.jpg 234,135,232,265 1491
foodcamimages/TRAIN/20080314180142.jpg 154,141,253,249 1499
foodcamimages/TRAIN/20080314180212.jpg 165,158,226,228 1499
foodcamimages/TRAIN/20080317112745.jpg 0,0,0,0 1498
foodcamimages/TRAIN/20080317141517.jpg 0,0,0,0 1498
foodcamimages/TRAIN/20080317143511.jpg 0,0,0,0 1498
foodcamimages/TRAIN/20080317145249.jpg 0,0,0,0 1498
foodcamimages/TRAIN/20080317151409.jpg 0,0,0,0 1498
foodcamimages/TRAIN/20080317163309.jpg 458,209,160,219 1491
foodcamimages/TRAIN/20080318131435.jpg 0,0,0,0 1498
foodcamimages/TRAIN/20080318140241.jpg 192,198,233,226 1499
foodcamimages/TRAIN/20080318174433.jpg 0,0,0,0 1498
foodcamimages/TRAIN/20080318181612.jpg 183,126,208,200 1499
foodcamimages/TRAIN/20080319143851.jpg 406,153,199,262 1491
foodcamimages/TRAIN/20080319231314.jpg 183,188,334,190 1503
foodcamimages/TRAIN/20080320124309.jpg 238,135,213,154 1489
foodcamimages/TRAIN/20080320155232.jpg 486,240,128,160 1499
foodcamimages/TRAIN/20080320203006.jpg 214,175,393,149 1488
foodcamimages/TRAIN/20080321141251.jpg 189,138,291,285 1491
foodcamimages/TRAIN/20080321142159.jpg 198,128,289,277 1491
foodcamimages/TRAIN/20080321150009.jpg 28,212,229,128 1491
foodcamimages/TRAIN/20080321154443.jpg 265,187,186,237 1491
foodcamimages/TRAIN/20080324065537.jpg 0,0,0,0 1498
foodcamimages/TRAIN/20080324140853.jpg 0,0,0,0 1498
foodcamimages/TRAIN/20080324151836.jpg 210,181,184,295 1488
foodcamimages/TRAIN/20080324185612.jpg 386,116,133,172 1499
foodcamimages/TRAIN/20080325023437.jpg 0,0,0,0 1498
foodcamimages/TRAIN/20080325154546.jpg 0,0,0,0 1498
foodcamimages/TRAIN/20080325165113.jpg 0,0,0,0 1498
foodcamimages/TRAIN/20080325210916.jpg 0,0,0,0 1498
foodcamimages/TRAIN/20080327021317.jpg 0,0,0,0 1498
foodcamimages/TRAIN/20080327172209.jpg 260,239,91,81 1499
foodcamimages/TRAIN/20080331152822.jpg 61,148,550,311 1488
foodcamimages/TRAIN/20080331163510.jpg 72,175,554,298 1488
foodcamimages/TRAIN/20080401002048.jpg 195,123,237,214 1508
foodcamimages/TRAIN/20080401132446.jpg 95,131,480,271 1491
foodcamimages/TRAIN/20080401165324.jpg 209,145,174,304 1489
foodcamimages/TRAIN/20080402131348.jpg 143,157,265,253 39
foodcamimages/TRAIN/20080402133519.jpg 134,168,478,272 39
foodcamimages/TRAIN/20080403125010.jpg 36,148,575,312 39
foodcamimages/TRAIN/20080403130354.jpg 135,145,494,251 1491
foodcamimages/TRAIN/20080403190449.jpg 246,145,320,190 1499
foodcamimages/TRAIN/20080403195159.jpg 224,142,377,166 1499
foodcamimages/TRAIN/20080404131938.jpg 75,143,496,168 1488
foodcamimages/TRAIN/20080407144549.jpg 0,0,0,0 1498
foodcamimages/TRAIN/20080407153246.jpg 292,127,167,208 1489
foodcamimages/TRAIN/20080408151609.jpg 194,183,243,241 39
foodcamimages/TRAIN/20080409144010.jpg 236,135,214,182 1503
foodcamimages/TRAIN/20080409161636.jpg 133,208,170,168 39
foodcamimages/TRAIN/20080409162315.jpg 136,235,159,202 39
foodcamimages/TRAIN/20080411115725.jpg 364,198,243,204 1489
foodcamimages/TRAIN/20080411142959.jpg 84,241,251,209 1491
foodcamimages/TRAIN/20080414172358.jpg 233,181,309,136 1488
foodcamimages/TRAIN/20080416143356.jpg 252,120,327,284 1508
foodcamimages/TRAIN/20080416154415.jpg 321,167,179,292 1488
foodcamimages/TRAIN/20080417122705.jpg 287,204,157,253 1499
foodcamimages/TRAIN/20080417131710.jpg 0,0,0,0 1498
foodcamimages/TRAIN/20080417202256.jpg 563,320,71,119 1513
foodcamimages/TRAIN/20080418165930.jpg 187,243,172,124 1489
foodcamimages/TRAIN/20080418180649.jpg 385,155,141,213 1491
foodcamimages/TRAIN/20080421163451.jpg 0,0,0,0 1498
foodcamimages/TRAIN/20080425120904.jpg 0,0,0,0 1498
foodcamimages/TRAIN/20080425153946.jpg 233,138,353,212 1488
foodcamimages/TRAIN/20080425171747.jpg 339,306,129,103 1510
foodcamimages/TRAIN/20080425183201.jpg 0,0,0,0 1498
foodcamimages/TRAIN/20080428140509.jpg 17,174,600,259 1508
foodcamimages/TRAIN/20080428191203.jpg 100,188,184,208 1499
foodcamimages/TRAIN/20080430142253.jpg 0,0,0,0 1498
foodcamimages/TRAIN/20080430184003.jpg 74,150,459,271 1489
foodcamimages/TRAIN/20080430185737.jpg 309,266,137,133 1489
foodcamimages/TRAIN/20080501194825.jpg 299,123,192,188 1491
foodcamimages/TRAIN/20080502115641.jpg 0,0,0,0 1498
foodcamimages/TRAIN/20080502141948.jpg 170,158,225,247 1491
foodcamimages/TRAIN/20080502145236.jpg 201,157,202,143 1488
foodcamimages/TRAIN/20080502153706.jpg 278,312,167,124 1513
foodcamimages/TRAIN/20080502170500.jpg 313,148,127,137 1513
foodcamimages/TRAIN/20080504004043.jpg 210,150,253,175 1508
foodcamimages/TRAIN/20080505184853.jpg 73,290,130,172 39
foodcamimages/TRAIN/20080506202711.jpg 297,123,250,265 1503
foodcamimages/TRAIN/20080506202927.jpg 208,152,333,319 1503
foodcamimages/TRAIN/20080507144907.jpg 306,258,129,160 1513
foodcamimages/TRAIN/20080509142919.jpg 240,143,232,248 1491
foodcamimages/TRAIN/20080509144159.jpg 0,0,0,0 1498
foodcamimages/TRAIN/20080509144945.jpg 160,217,221,152 1491
foodcamimages/TRAIN/20080509180942.jpg 353,290,137,112 1489
foodcamimages/TRAIN/20080512141205.jpg 184,133,166,123 1488
foodcamimages/TRAIN/20080512152336.jpg 150,258,116,139 1488
foodcamimages/TRAIN/20080513163519.jpg 207,149,296,171 1488
foodcamimages/TRAIN/20080514151342.jpg 258,178,237,227 39
foodcamimages/TRAIN/20080514170137.jpg 82,294,136,142 1491
foodcamimages/TRAIN/20080516120932.jpg 194,170,257,202 1489
foodcamimages/TRAIN/20080519141408.jpg 466,245,166,175 1513
foodcamimages/TRAIN/20080519141420.jpg 344,147,169,178 1513
foodcamimages/TRAIN/20080519232935.jpg 0,0,0,0 1498
foodcamimages/TRAIN/20080520002854.jpg 0,0,0,0 1498
foodcamimages/TRAIN/20080520002856.jpg 0,0,0,0 1498
foodcamimages/TRAIN/20080520002858.jpg 0,0,0,0 1498
foodcamimages/TRAIN/20080520002859.jpg 0,0,0,0 1498
foodcamimages/TRAIN/20080520125051.jpg 0,0,0,0 1498
foodcamimages/TRAIN/20080520135859.jpg 97,154,411,318 1488
foodcamimages/TRAIN/20080520135902.jpg 74,152,479,278 1488
foodcamimages/TRAIN/20080520135911.jpg 51,167,183,283 1488
foodcamimages/TRAIN/20080520135918.jpg 146,136,421,261 1503
foodcamimages/TRAIN/20080520135922.jpg 0,0,0,0 1498
foodcamimages/TRAIN/20080520135930.jpg 0,0,0,0 1498
foodcamimages/TRAIN/20080520135937.jpg 131,132,414,229 1513
foodcamimages/TRAIN/20080520135943.jpg 301,158,299,219 1503
foodcamimages/TRAIN/20080520140000.jpg 0,0,0,0 1498
foodcamimages/TRAIN/20080520140017.jpg 149,163,377,202 1488
foodcamimages/TRAIN/20080521143637.jpg 239,280,246,183 1503
foodcamimages/TRAIN/20080522150608.jpg 180,161,178,280 1488
foodcamimages/TRAIN/20080522150614.jpg 0,0,0,0 1498
foodcamimages/TRAIN/20080522181312.jpg 0,0,0,0 1498
foodcamimages/TRAIN/20080522195817.jpg 0,0,0,0 1498
foodcamimages/TRAIN/20080523113842.jpg 0,0,0,0 1498
foodcamimages/TRAIN/20080523132015.jpg 0,0,0,0 1498
foodcamimages/TRAIN/20080523132322.jpg 0,0,0,0 1498
foodcamimages/TRAIN/20080523132326.jpg 0,0,0,0 1498
foodcamimages/TRAIN/20080523132328.jpg 0,0,0,0 1498
foodcamimages/TRAIN/20080523170154.jpg 9,328,229,133 1489
foodcamimages/TRAIN/20080524193042.jpg 0,0,0,0 1498
foodcamimages/TRAIN/20080524193047.jpg 0,0,0,0 1498
foodcamimages/TRAIN/20080528143328.jpg 222,141,337,198 1488
foodcamimages/TRAIN/20080529162338.jpg 0,0,0,0 1498
foodcamimages/TRAIN/20080529163904.jpg 270,158,180,297 1488
foodcamimages/TRAIN/20080530211158.jpg 189,143,299,231 1488
foodcamimages/TRAIN/20080531140102.jpg 58,152,496,276 1488
foodcamimages/TRAIN/20080531140107.jpg 97,126,486,282 1488
foodcamimages/TRAIN/20080605161738.jpg 47,157,266,282 1491
foodcamimages/TRAIN/20080605180242.jpg 482,280,127,188 1488
foodcamimages/TRAIN/20080605211434.jpg 174,110,374,311 1508
foodcamimages/TRAIN/20080605212155.jpg 177,98,309,337 1508
foodcamimages/TRAIN/20080606193724.jpg 0,0,0,0 1498
foodcamimages/TRAIN/20080610153922.jpg 309,190,187,190 1488
foodcamimages/TRAIN/20080610155855.jpg 563,140,57,162 1513
foodcamimages/TRAIN/20080610174702.jpg 285,166,163,162 1513
foodcamimages/TRAIN/20080611143519.jpg 159,200,73,76 39
foodcamimages/TRAIN/20080613144603.jpg 0,0,0,0 1498
foodcamimages/TRAIN/20080613144856.jpg 45,229,118,207 1488
foodcamimages/TRAIN/20080613202642.jpg 0,0,0,0 1498
foodcamimages/TRAIN/20080616135419.jpg 87,175,494,272 1508
foodcamimages/TRAIN/20080617163950.jpg 0,0,0,0 1498
foodcamimages/TRAIN/20080618230816.jpg 194,170,219,223 1491
foodcamimages/TRAIN/20080624160858.jpg 45,198,179,115 1489
foodcamimages/TRAIN/20080625141510.jpg 271,173,232,192 1491
foodcamimages/TRAIN/20080625141514.jpg 240,150,248,219 1491
foodcamimages/TRAIN/20080625143912.jpg 161,339,138,103 1513
foodcamimages/TRAIN/20080625175647.jpg 102,338,231,123 1499
foodcamimages/TRAIN/20080626211057.jpg 162,138,165,170 1513
foodcamimages/TRAIN/20080626220633.jpg 354,165,171,232 1491
foodcamimages/TRAIN/20080627150716.jpg 260,132,213,145 1488
foodcamimages/TRAIN/20080629113239.jpg 0,0,0,0 1498
foodcamimages/TRAIN/20080630130003.jpg 53,229,153,152 1489
foodcamimages/TRAIN/20080701181113.jpg 0,0,0,0 1498
foodcamimages/TRAIN/20080702160111.jpg 405,246,211,205 1508
foodcamimages/TRAIN/20080703151450.jpg 175,132,211,107 39
foodcamimages/TRAIN/20080703152215.jpg 134,158,240,94 39
foodcamimages/TRAIN/20080704205012.jpg 519,196,98,94 1513
foodcamimages/TRAIN/20080708150303.jpg 0,0,0,0 1498
foodcamimages/TRAIN/20080708154810.jpg 110,149,200,222 1488
foodcamimages/TRAIN/20080708162106.jpg 91,125,409,292 1503
foodcamimages/TRAIN/20080708163519.jpg 116,150,328,259 1503
foodcamimages/TRAIN/20080709143900.jpg 113,159,237,209 39
foodcamimages/TRAIN/20080709212951.jpg 0,0,0,0 1498
foodcamimages/TRAIN/20080710170121.jpg 0,0,0,0 1498
foodcamimages/TRAIN/20080710181303.jpg 275,171,148,183 1489
foodcamimages/TRAIN/20080710181317.jpg 272,171,170,160 1489
foodcamimages/TRAIN/20080710181653.jpg 0,0,0,0 1498
foodcamimages/TRAIN/20080710184127.jpg 0,0,0,0 1498
foodcamimages/TRAIN/20080711162733.jpg 283,164,225,218 1508
foodcamimages/TRAIN/20080714151059.jpg 196,182,181,135 1488
foodcamimages/TRAIN/20080715170627.jpg 0,0,0,0 1498
foodcamimages/TRAIN/20080715211959.jpg 193,129,178,204 1489
foodcamimages/TRAIN/20080716103854.jpg 170,154,255,179 1499
foodcamimages/TRAIN/20080717141707.jpg 233,106,294,274 1508
foodcamimages/TRAIN/20080718142108.jpg 445,198,137,239 1488
foodcamimages/TRAIN/20080718143212.jpg 405,194,137,243 1488
foodcamimages/TRAIN/20080718183607.jpg 368,145,208,201 1489
foodcamimages/TRAIN/20080721143033.jpg 64,155,172,150 1499
foodcamimages/TRAIN/20080723173218.jpg 0,0,0,0 1498
foodcamimages/TRAIN/20080723210921.jpg 278,138,215,229 1513
foodcamimages/TRAIN/20080723210945.jpg 240,159,234,201 1489
foodcamimages/TRAIN/20080725141147.jpg 401,225,151,127 1489
foodcamimages/TRAIN/20080725185425.jpg 0,0,0,0 1498
foodcamimages/TRAIN/20080729151532.jpg 59,152,492,289 1503
foodcamimages/TRAIN/20080729181643.jpg 108,156,484,312 1503
foodcamimages/TRAIN/20080730144739.jpg 43,222,303,256 1508
foodcamimages/TRAIN/20080730145926.jpg 472,250,164,191 1513
foodcamimages/TRAIN/20080731141108.jpg 0,0,0,0 1498
foodcamimages/TRAIN/20080731151220.jpg 177,165,136,128 1488
foodcamimages/TRAIN/20080801125943.jpg 0,0,0,0 1498
foodcamimages/TRAIN/20080801155919.jpg 171,95,361,346 1508
foodcamimages/TRAIN/20080801180234.jpg 213,132,200,294 1508
foodcamimages/TRAIN/20080801222920.jpg 0,0,0,0 1498
foodcamimages/TRAIN/20080804142010.jpg 0,0,0,0 1498
foodcamimages/TRAIN/20080804162945.jpg 0,0,0,0 1498
foodcamimages/TRAIN/20080804205909.jpg 301,224,123,150 1508
foodcamimages/TRAIN/20080806141650.jpg 100,293,243,166 1491
foodcamimages/TRAIN/20080806144335.jpg 224,122,356,346 1508
foodcamimages/TRAIN/20080806145202.jpg 0,0,0,0 1498
foodcamimages/TRAIN/20080806145322.jpg 126,201,370,242 1503
foodcamimages/TRAIN/20080806161245.jpg 98,134,487,251 1503
foodcamimages/TRAIN/20080807141130.jpg 242,155,354,289 1508
foodcamimages/TRAIN/20080807151008.jpg 473,164,142,176 1513
foodcamimages/TRAIN/20080811134537.jpg 299,151,127,128 1513
foodcamimages/TRAIN/20080811185214.jpg 210,303,171,139 1499
foodcamimages/TRAIN/20080812153414.jpg 340,229,133,159 1513
foodcamimages/TRAIN/20080812214350.jpg 173,150,195,199 1508
foodcamimages/TRAIN/20080813143324.jpg 0,0,0,0 1498
foodcamimages/TRAIN/20080814172143.jpg 399,149,163,154 1513
foodcamimages/TRAIN/20080815144627.jpg 114,176,249,206 1491
foodcamimages/TRAIN/20080815150503.jpg 0,0,0,0 1498
foodcamimages/TRAIN/20080815181313.jpg 35,183,220,214 1491
foodcamimages/TRAIN/20080819142939.jpg 355,219,154,155 1513
foodcamimages/TRAIN/20080820143724.jpg 20,215,108,150 1513
foodcamimages/TRAIN/20080820143729.jpg 193,213,163,155 1488
foodcamimages/TRAIN/20080822144414.jpg 0,0,0,0 1498
foodcamimages/TRAIN/20080825132340.jpg 0,0,0,0 1498
foodcamimages/TRAIN/20080827144749.jpg 0,0,0,0 1498
foodcamimages/TRAIN/20080828132639.jpg 49,168,470,232 1489
foodcamimages/TRAIN/20080828132816.jpg 189,145,197,258 1489
foodcamimages/TRAIN/20080828170011.jpg 100,156,214,239 1491
foodcamimages/TRAIN/20080828170619.jpg 133,326,153,128 1491
foodcamimages/TRAIN/20080828173426.jpg 61,157,194,253 1489
foodcamimages/TRAIN/20080828173428.jpg 247,152,149,226 1489
foodcamimages/TRAIN/20080828211128.jpg 108,151,216,218 1491
foodcamimages/TRAIN/20080829124848.jpg 178,149,285,264 1489
foodcamimages/TRAIN/20080903113633.jpg 270,120,201,157 1489
foodcamimages/TRAIN/20080903140443.jpg 40,218,109,198 1488
foodcamimages/TRAIN/20080903150846.jpg 401,227,110,144 1513
foodcamimages/TRAIN/20080904094359.jpg 0,0,0,0 1498
foodcamimages/TRAIN/20080905215448.jpg 0,0,0,0 1498
foodcamimages/TRAIN/20080909175654.jpg 266,156,202,245 1489
foodcamimages/TRAIN/20080909184537.jpg 258,115,297,188 1499
foodcamimages/TRAIN/20080909202005.jpg 59,155,269,258 39
foodcamimages/TRAIN/20080909205833.jpg 65,153,230,256 39
foodcamimages/TRAIN/20080910191829.jpg 397,339,105,129 1513
foodcamimages/TRAIN/20080911140044.jpg 252,153,263,185 1491
foodcamimages/TRAIN/20080911150542.jpg 261,155,207,196 1513
foodcamimages/TRAIN/20080912122745.jpg 0,0,0,0 1498
foodcamimages/TRAIN/20080912123547.jpg 0,0,0,0 1498
foodcamimages/TRAIN/20080912151521.jpg 497,318,98,137 1513
foodcamimages/TRAIN/20080912151541.jpg 506,294,105,158 1513
foodcamimages/TRAIN/20080912152404.jpg 161,287,380,180 1510
foodcamimages/TRAIN/20080912170959.jpg 0,0,0,0 1498
foodcamimages/TRAIN/20080915141237.jpg 145,149,143,109 1513
foodcamimages/TRAIN/20080915231745.jpg 238,295,251,170 1508
foodcamimages/TRAIN/20080916130130.jpg 422,132,158,117 1489
foodcamimages/TRAIN/20080916154702.jpg 291,151,179,142 1489
foodcamimages/TRAIN/20080916191208.jpg 422,183,175,191 1513
foodcamimages/TRAIN/20080916191641.jpg 171,150,417,221 1489
foodcamimages/TRAIN/20080916191653.jpg 229,337,153,120 1513
foodcamimages/TRAIN/20080916212610.jpg 419,267,175,187 1513
foodcamimages/TRAIN/20080917115551.jpg 104,244,406,198 1489
foodcamimages/TRAIN/20080917115952.jpg 179,167,387,273 1489
foodcamimages/TRAIN/20080917153624.jpg 177,193,315,236 1508
foodcamimages/TRAIN/20080917154619.jpg 47,243,115,140 1508
foodcamimages/TRAIN/20080917163317.jpg 0,0,0,0 1498
foodcamimages/TRAIN/20080917172411.jpg 62,277,153,146 1489
foodcamimages/TRAIN/20080917184351.jpg 0,0,0,0 1498
foodcamimages/TRAIN/20080917231705.jpg 0,0,0,0 1498
foodcamimages/TRAIN/20080918140936.jpg 247,196,263,199 1491
foodcamimages/TRAIN/20080918150624.jpg 305,236,137,99 39
foodcamimages/TRAIN/20080918150639.jpg 227,356,136,103 39
foodcamimages/TRAIN/20080918152845.jpg 0,0,0,0 1498
foodcamimages/TRAIN/20080918155252.jpg 0,0,0,0 1498
foodcamimages/TRAIN/20080918182034.jpg 0,0,0,0 1498
foodcamimages/TRAIN/20080919132824.jpg 146,175,140,148 1513
foodcamimages/TRAIN/20080919143650.jpg 158,157,124,226 1491
foodcamimages/TRAIN/20080919144226.jpg 315,159,151,193 1488
foodcamimages/TRAIN/20080919144749.jpg 172,152,124,166 1488
foodcamimages/TRAIN/20080919154523.jpg 110,89,433,296 1488
foodcamimages/TRAIN/20080919171316.jpg 380,193,148,170 1513
foodcamimages/TRAIN/20080919184320.jpg 521,134,77,167 1513
foodcamimages/TRAIN/20080922160259.jpg 218,160,301,197 1508
foodcamimages/TRAIN/20080923133754.jpg 471,138,129,114 1513
foodcamimages/TRAIN/20080923191552.jpg 506,300,115,157 1513
foodcamimages/TRAIN/20080924124623.jpg 0,0,0,0 1498
foodcamimages/TRAIN/20080924124711.jpg 0,0,0,0 1498
foodcamimages/TRAIN/20080924140458.jpg 171,258,115,128 1491
foodcamimages/TRAIN/20080924140533.jpg 297,168,159,179 1489
foodcamimages/TRAIN/20080924174334.jpg 217,267,329,161 1499
foodcamimages/TRAIN/20080924174430.jpg 0,0,0,0 1498
foodcamimages/TRAIN/20080925131900.jpg 212,134,211,240 1489
foodcamimages/TRAIN/20080925132031.jpg 214,152,220,212 1489
foodcamimages/TRAIN/20080925135447.jpg 147,192,210,185 1491
foodcamimages/TRAIN/20080925140931.jpg 220,191,277,261 1499
foodcamimages/TRAIN/20080925141447.jpg 231,201,231,198 1499
foodcamimages/TRAIN/20080925201920.jpg 259,291,207,137 1513
foodcamimages/TRAIN/20080926115618.jpg 0,0,0,0 1498
foodcamimages/TRAIN/20080926150051.jpg 15,281,279,171 1488
foodcamimages/TRAIN/20080926170341.jpg 63,114,460,273 1489
foodcamimages/TRAIN/20080929180834.jpg 98,159,160,161 1513
foodcamimages/TRAIN/20080929214432.jpg 187,341,113,118 1513
foodcamimages/TRAIN/20080930191042.jpg 211,138,316,185 1488
foodcamimages/TRAIN/20080930212104.jpg 24,394,324,73 1503
foodcamimages/TRAIN/20081001143235.jpg 72,166,453,294 1508
foodcamimages/TRAIN/20081001150341.jpg 247,161,231,220 1513
foodcamimages/TRAIN/20081001150352.jpg 246,160,352,204 1488
foodcamimages/TRAIN/20081003144550.jpg 210,174,203,175 1499
foodcamimages/TRAIN/20081003144557.jpg 79,312,142,160 1491
foodcamimages/TRAIN/20081003145318.jpg 106,166,94,136 1513
foodcamimages/TRAIN/20081003165955.jpg 0,0,0,0 1498
foodcamimages/TRAIN/20081005182107.jpg 0,0,0,0 1498
foodcamimages/TRAIN/20081005182908.jpg 0,0,0,0 1498
foodcamimages/TRAIN/20081006141109.jpg 0,0,0,0 1498
foodcamimages/TRAIN/20081006145426.jpg 0,0,0,0 1498
foodcamimages/TRAIN/20081006145623.jpg 0,0,0,0 1498
foodcamimages/TRAIN/20081006182305.jpg 0,0,0,0 1498
foodcamimages/TRAIN/20081006182314.jpg 0,0,0,0 1498
foodcamimages/TRAIN/20081006223930.jpg 398,196,138,163 1488
foodcamimages/TRAIN/20081006235637.jpg 196,172,234,209 1491
foodcamimages/TRAIN/20081007192557.jpg 160,106,181,105 1489
foodcamimages/TRAIN/20081008135853.jpg 318,214,129,110 1513
foodcamimages/TRAIN/20081008203459.jpg 268,125,129,165 1513
foodcamimages/TRAIN/20081008203637.jpg 265,337,214,127 1503
foodcamimages/TRAIN/20081009000051.jpg 224,120,123,160 1513
foodcamimages/TRAIN/20081009135728.jpg 251,122,178,186 1491
foodcamimages/TRAIN/20081009143909.jpg 298,106,241,141 1491
foodcamimages/TRAIN/20081015115818.jpg 308,236,127,123 1489
foodcamimages/TRAIN/20081015155706.jpg 243,171,263,191 1513
foodcamimages/TRAIN/20081016140540.jpg 133,184,252,206 1491
foodcamimages/TRAIN/20081016140731.jpg 172,178,214,212 1491
foodcamimages/TRAIN/20081016142513.jpg 243,184,251,259 1491
foodcamimages/TRAIN/20081016144926.jpg 321,191,156,212 1491
foodcamimages/TRAIN/20081016154727.jpg 165,212,159,141 1499
foodcamimages/TRAIN/20081016155430.jpg 323,149,178,274 1491
foodcamimages/TRAIN/20081016155812.jpg 156,196,136,123 1499
foodcamimages/TRAIN/20081016210449.jpg 331,185,142,169 1513
foodcamimages/TRAIN/20081017112305.jpg 0,0,0,0 1498
foodcamimages/TRAIN/20081017115715.jpg 0,0,0,0 1498
foodcamimages/TRAIN/20081017145258.jpg 444,372,99,96 1489
foodcamimages/TRAIN/20081017145818.jpg 0,0,0,0 1498
foodcamimages/TRAIN/20081017150744.jpg 241,352,288,122 1499
foodcamimages/TRAIN/20081020162150.jpg 282,202,304,180 1491
foodcamimages/TRAIN/20081020212352.jpg 0,0,0,0 1498
foodcamimages/TRAIN/20081020212517.jpg 297,176,289,181 1488
foodcamimages/TRAIN/20081020223006.jpg 198,212,342,249 1508
foodcamimages/TRAIN/20081021174939.jpg 87,248,235,193 39
foodcamimages/TRAIN/20081021191041.jpg 72,299,161,142 1489
foodcamimages/TRAIN/20081021191052.jpg 69,250,221,201 1489
foodcamimages/TRAIN/20081021191201.jpg 174,162,413,236 1488
foodcamimages/TRAIN/20081022123439.jpg 269,152,196,293 1489
foodcamimages/TRAIN/20081022152803.jpg 184,229,312,230 1488
foodcamimages/TRAIN/20081022172949.jpg 341,152,261,290 1499
foodcamimages/TRAIN/20081022190313.jpg 308,153,111,285 1503
foodcamimages/TRAIN/20081022223812.jpg 74,210,142,169 1503
foodcamimages/TRAIN/20081023142153.jpg 403,158,185,302 1503
foodcamimages/TRAIN/20081023142634.jpg 324,336,114,141 1491
foodcamimages/TRAIN/20081027033658.jpg 0,0,0,0 1498
foodcamimages/TRAIN/20081027192705.jpg 162,235,390,241 1508
foodcamimages/TRAIN/20081027221622.jpg 0,0,0,0 1498
foodcamimages/TRAIN/20081028161139.jpg 467,186,63,189 1513
foodcamimages/TRAIN/20081028201340.jpg 238,174,360,284 1508
foodcamimages/TRAIN/20081029123040.jpg 92,161,503,264 1489
foodcamimages/TRAIN/20081030124114.jpg 35,158,535,289 1489
foodcamimages/TRAIN/20081031140933.jpg 0,0,0,0 1498
foodcamimages/TRAIN/20081031141033.jpg 0,0,0,0 1498
foodcamimages/TRAIN/20081102204537.jpg 230,328,167,141 1489
foodcamimages/TRAIN/20081103160429.jpg 390,159,232,172 39
foodcamimages/TRAIN/20081103200405.jpg 245,203,171,243 1503
foodcamimages/TRAIN/20081103201022.jpg 85,240,282,200 1503
foodcamimages/TRAIN/20081104131437.jpg 241,128,249,264 1489
foodcamimages/TRAIN/20081104140229.jpg 315,186,244,198 1491
foodcamimages/TRAIN/20081104141129.jpg 0,0,0,0 1498
foodcamimages/TRAIN/20081104181803.jpg 205,198,194,249 1488
foodcamimages/TRAIN/20081106125853.jpg 77,234,301,221 1508
foodcamimages/TRAIN/20081106201812.jpg 140,144,284,185 1503
foodcamimages/TRAIN/20081107142735.jpg 0,0,0,0 1498
foodcamimages/TRAIN/20081107144642.jpg 173,177,138,275 1488
foodcamimages/TRAIN/20081110092554.jpg 0,0,0,0 1498
foodcamimages/TRAIN/20081110142429.jpg 0,0,0,0 1498
foodcamimages/TRAIN/20081112104802.jpg 0,0,0,0 1498
foodcamimages/TRAIN/20081113133720.jpg 490,181,143,153 1499
foodcamimages/TRAIN/20081113135605.jpg 361,167,136,132 1499
foodcamimages/TRAIN/20081117152150.jpg 148,182,147,125 1513
foodcamimages/TRAIN/20081118150403.jpg 366,184,106,109 1488
foodcamimages/TRAIN/20081118150408.jpg 304,179,167,173 1513
foodcamimages/TRAIN/20081118150412.jpg 27,327,110,122 1513
foodcamimages/TRAIN/20081118150418.jpg 271,192,168,182 1499
foodcamimages/TRAIN/20081118150425.jpg 466,339,136,118 1499
foodcamimages/TRAIN/20081118181138.jpg 435,314,134,138 1513
foodcamimages/TRAIN/20081119135551.jpg 46,250,467,206 1503
foodcamimages/TRAIN/20081119135603.jpg 52,250,512,216 1503
foodcamimages/TRAIN/20081119140258.jpg 314,241,148,218 1491
foodcamimages/TRAIN/20081120113623.jpg 0,0,0,0 1498
foodcamimages/TRAIN/20081120134522.jpg 153,235,219,188 1508
foodcamimages/TRAIN/20081120193258.jpg 69,165,521,262 1499
foodcamimages/TRAIN/20081121132111.jpg 267,182,130,189 1488
foodcamimages/TRAIN/20081121155921.jpg 173,191,306,272 1489
foodcamimages/TRAIN/20081121164355.jpg 203,184,350,272 1488
foodcamimages/TRAIN/20081123120600.jpg 43,183,567,177 1488
foodcamimages/TRAIN/20081124233223.jpg 0,0,0,0 1498
foodcamimages/TRAIN/20081124233305.jpg 0,0,0,0 1498
foodcamimages/TRAIN/20081126135040.jpg 99,223,248,203 1513
foodcamimages/TRAIN/20081126170908.jpg 161,200,138,199 1488
foodcamimages/TRAIN/20081126212850.jpg 0,0,0,0 1498
foodcamimages/TRAIN/20081201210312.jpg 319,300,188,167 1508
foodcamimages/TRAIN/20081202115243.jpg 0,0,0,0 1498
foodcamimages/TRAIN/20081203141121.jpg 0,0,0,0 1498
foodcamimages/TRAIN/20081203141239.jpg 200,127,417,326 1508
foodcamimages/TRAIN/20081204131058.jpg 0,0,0,0 1498
foodcamimages/TRAIN/20081204201752.jpg 135,182,202,142 39
foodcamimages/TRAIN/20081204210640.jpg 138,206,251,206 1488
foodcamimages/TRAIN/20081205134304.jpg 231,180,247,277 1488
foodcamimages/TRAIN/20081205155817.jpg 0,0,0,0 1498
foodcamimages/TRAIN/20081206133847.jpg 0,0,0,0 1498
foodcamimages/TRAIN/20081208200847.jpg 159,174,398,271 1503
foodcamimages/TRAIN/20081208201839.jpg 33,207,279,239 1508
foodcamimages/TRAIN/20081209082812.jpg 0,0,0,0 1498
foodcamimages/TRAIN/20081209142152.jpg 46,155,558,283 1503
foodcamimages/TRAIN/20081209163616.jpg 382,252,178,151 1513
foodcamimages/TRAIN/20081209164129.jpg 348,177,142,144 1513
foodcamimages/TRAIN/20081210135109.jpg 299,298,211,168 1508
foodcamimages/TRAIN/20081210161335.jpg 0,0,0,0 1498
foodcamimages/TRAIN/20081210162218.jpg 0,0,0,0 1513
foodcamimages/TRAIN/20081210165757.jpg 288,253,219,170 1503
foodcamimages/TRAIN/20081211014654.jpg 318,242,117,103 1513
foodcamimages/TRAIN/20081211132937.jpg 60,163,490,228 1503
foodcamimages/TRAIN/20081211145257.jpg 83,150,387,229 1502
foodcamimages/TRAIN/20081211192646.jpg 163,164,277,301 1508
foodcamimages/TRAIN/20081211200914.jpg 279,195,179,178 1489
foodcamimages/TRAIN/20081212125939.jpg 56,244,512,221 1508
foodcamimages/TRAIN/20081212134906.jpg 172,194,182,274 1488
foodcamimages/TRAIN/20081212184409.jpg 372,293,176,123 1489
foodcamimages/TRAIN/20081215163532.jpg 0,0,0,0 1498
foodcamimages/TRAIN/20081216133341.jpg 236,193,277,263 1491
foodcamimages/TRAIN/20081216143540.jpg 302,200,177,250 1491
foodcamimages/TRAIN/20081217152948.jpg 0,0,0,0 1498
foodcamimages/TRAIN/20081217165658.jpg 238,181,231,167 1489
foodcamimages/TRAIN/20081218130724.jpg 140,172,325,205 1489
foodcamimages/TRAIN/20081218184026.jpg 257,168,186,184 1491
foodcamimages/TRAIN/20081218194411.jpg 412,169,138,143 1499
foodcamimages/TRAIN/20081219140835.jpg 69,162,193,289 1488
foodcamimages/TRAIN/20081223050307.jpg 0,0,0,0 1498
foodcamimages/TRAIN/20081223120800.jpg 0,0,0,0 1498
foodcamimages/TRAIN/20081223222659.jpg 0,0,0,0 1498
foodcamimages/TRAIN/20081230203409.jpg 0,0,0,0 1498
foodcamimages/TRAIN/20081230203546.jpg 0,0,0,0 1498
foodcamimages/TRAIN/20081230210942.jpg 128,195,211,161 1503
foodcamimages/TRAIN/20081230210945.jpg 0,0,0,0 1498
foodcamimages/TRAIN/20081231162619.jpg 198,159,324,207 1499
foodcamimages/TRAIN/20090106141026.jpg 103,158,264,180 1491
foodcamimages/TRAIN/20090108144659.jpg 250,222,130,115 1491
foodcamimages/TRAIN/20090108190720.jpg 523,163,113,158 1499
foodcamimages/TRAIN/20090108214658.jpg 111,296,104,116 1513
foodcamimages/TRAIN/20090109141413.jpg 0,0,0,0 1498
foodcamimages/TRAIN/20090112132656.jpg 316,124,245,169 1491
foodcamimages/TRAIN/20090112170232.jpg 277,126,194,269 1491
foodcamimages/TRAIN/20090113141044.jpg 261,191,96,111 1513
foodcamimages/TRAIN/20090113172050.jpg 199,131,228,133 39
foodcamimages/TRAIN/20090114165220.jpg 190,238,171,156 1513
foodcamimages/TRAIN/20090115131948.jpg 280,209,251,229 1491
foodcamimages/TRAIN/20090115143936.jpg 194,196,336,226 1499
foodcamimages/TRAIN/20090115184751.jpg 26,133,455,321 1503
foodcamimages/TRAIN/20090115192124.jpg 0,0,0,0 1498
foodcamimages/TRAIN/20090116161252.jpg 149,356,58,115 1513
foodcamimages/TRAIN/20090120192704.jpg 111,150,322,238 1503
foodcamimages/TRAIN/20090121141440.jpg 273,219,204,168 1488
foodcamimages/TRAIN/20090122131028.jpg 172,164,160,164 1488
foodcamimages/TRAIN/20090122132457.jpg 299,171,150,197 1513
foodcamimages/TRAIN/20090122140521.jpg 295,236,183,236 1488
foodcamimages/TRAIN/20090122204429.jpg 141,190,175,204 1489
foodcamimages/TRAIN/20090122210408.jpg 294,145,117,141 1513
foodcamimages/TRAIN/20090123140043.jpg 0,0,0,0 1498
foodcamimages/TRAIN/20090123163701.jpg 232,153,127,127 1488
foodcamimages/TRAIN/20090126144652.jpg 42,148,552,286 1488
foodcamimages/TRAIN/20090126195047.jpg 175,152,283,253 1499
foodcamimages/TRAIN/20090127170210.jpg 134,138,110,140 1513
foodcamimages/TRAIN/20090128145740.jpg 0,0,0,0 1498
foodcamimages/TRAIN/20090129142609.jpg 116,233,204,214 1491
foodcamimages/TRAIN/20090129143743.jpg 299,321,176,145 1491
foodcamimages/TRAIN/20090129200721.jpg 110,173,157,136 1499
foodcamimages/TRAIN/20090130144236.jpg 459,250,147,163 1508
foodcamimages/TRAIN/20090130183759.jpg 195,152,309,250 1489
foodcamimages/TRAIN/20090202181551.jpg 208,123,295,269 1508
foodcamimages/TRAIN/20090204174906.jpg 0,0,0,0 1498
foodcamimages/TRAIN/20090205193354.jpg 0,0,0,0 1498
foodcamimages/TRAIN/20090206110545.jpg 0,0,0,0 1498
foodcamimages/TRAIN/20090209131930.jpg 351,142,210,298 1491
foodcamimages/TRAIN/20090210131419.jpg 253,162,271,277 1489
foodcamimages/TRAIN/20090210132016.jpg 308,111,321,306 1489
foodcamimages/TRAIN/20090210201453.jpg 201,160,290,236 1503
foodcamimages/TRAIN/20090210205735.jpg 151,266,213,202 1499
foodcamimages/TRAIN/20090211153226.jpg 200,126,272,259 1503
foodcamimages/TRAIN/20090212131421.jpg 139,142,346,287 1488
foodcamimages/TRAIN/20090212170723.jpg 298,168,130,136 1489
foodcamimages/TRAIN/20090212171332.jpg 188,211,333,216 1499
foodcamimages/TRAIN/20090213135110.jpg 171,130,363,252 1488
foodcamimages/TRAIN/20090213144216.jpg 78,147,164,164 1499
foodcamimages/TRAIN/20090217082200.jpg 0,0,0,0 1498
foodcamimages/TRAIN/20090219145000.jpg 139,136,196,204 1499
foodcamimages/TRAIN/20090219195514.jpg 520,176,82,146 1513
foodcamimages/TRAIN/20090220155543.jpg 81,231,368,135 1489
foodcamimages/TRAIN/20090224144323.jpg 403,172,163,273 1488
foodcamimages/TRAIN/20090224185247.jpg 177,160,313,188 1488
foodcamimages/TRAIN/20090225131953.jpg 0,0,0,0 1498
foodcamimages/TRAIN/20090225141030.jpg 202,306,224,130 1499
foodcamimages/TRAIN/20090225154300.jpg 56,157,493,196 1488
foodcamimages/TRAIN/20090225155804.jpg 278,148,188,188 1491
foodcamimages/TRAIN/20090225184232.jpg 345,250,109,105 1513
foodcamimages/TRAIN/20090225214215.jpg 0,0,0,0 1498
foodcamimages/TRAIN/20090226143906.jpg 0,0,0,0 1498
foodcamimages/TRAIN/20090226212147.jpg 0,0,0,0 1498
foodcamimages/TRAIN/20090227134037.jpg 0,0,0,0 1498
foodcamimages/TRAIN/20090302123639.jpg 440,240,146,133 1513
foodcamimages/TRAIN/20090302131046.jpg 45,186,159,140 1513
foodcamimages/TRAIN/20090302133412.jpg 46,186,130,165 1513
foodcamimages/TRAIN/20090304142939.jpg 211,207,308,168 1498
foodcamimages/TRAIN/20090304175935.jpg 104,124,268,251 1499
foodcamimages/TRAIN/20090304183752.jpg 0,0,0,0 1498
foodcamimages/TRAIN/20090305142844.jpg 303,320,136,144 1499
foodcamimages/TRAIN/20090305143415.jpg 331,166,176,279 1513
foodcamimages/TRAIN/20090305190622.jpg 217,141,254,184 1503
foodcamimages/TRAIN/20090305191042.jpg 397,136,186,242 1503
foodcamimages/TRAIN/20090306114018.jpg 301,254,89,54 1489
foodcamimages/TRAIN/20090306141700.jpg 55,162,512,281 1488
foodcamimages/TRAIN/20090309122901.jpg 252,182,128,107 1503
foodcamimages/TRAIN/20090309140827.jpg 213,151,132,190 1491
foodcamimages/TRAIN/20090309164459.jpg 41,237,100,112 1513
foodcamimages/TRAIN/20090309211606.jpg 422,258,180,137 1489
foodcamimages/TRAIN/20090309213024.jpg 0,0,0,0 1498
foodcamimages/TRAIN/20090310144143.jpg 113,160,369,287 1488
foodcamimages/TRAIN/20090310181706.jpg 137,152,232,214 1499
foodcamimages/TRAIN/20090310182820.jpg 0,0,0,0 1498
foodcamimages/TRAIN/20090311161835.jpg 0,0,0,0 1498
foodcamimages/TRAIN/20090311165216.jpg 125,169,304,256 1503
foodcamimages/TRAIN/20090311184440.jpg 270,194,144,146 1491
foodcamimages/TRAIN/20090312142329.jpg 158,120,461,197 1503
foodcamimages/TRAIN/20090312142423.jpg 158,142,458,312 1503
foodcamimages/TRAIN/20090312160801.jpg 176,144,164,171 1513
foodcamimages/TRAIN/20090312193006.jpg 212,148,309,195 1503
foodcamimages/TRAIN/20090313131605.jpg 134,209,333,214 1489
foodcamimages/TRAIN/20090313152845.jpg 202,211,159,229 1488
foodcamimages/TRAIN/20090313153339.jpg 45,230,130,228 1513
foodcamimages/TRAIN/20090313201114.jpg 28,238,125,225 1513
foodcamimages/TRAIN/20090316142407.jpg 92,159,137,196 1513
foodcamimages/TRAIN/20090319041315.jpg 138,143,187,225 1499
foodcamimages/TRAIN/20090319060742.jpg 155,116,458,265 1499
foodcamimages/TRAIN/20090319152925.jpg 260,189,146,128 1488
foodcamimages/TRAIN/20090319201340.jpg 166,186,181,206 1491
foodcamimages/TRAIN/20090319222708.jpg 189,184,182,230 1491
foodcamimages/TRAIN/20090320115615.jpg 0,0,0,0 1498
foodcamimages/TRAIN/20090320120730.jpg 0,0,0,0 1498
foodcamimages/TRAIN/20090320143548.jpg 351,214,163,170 1491
foodcamimages/TRAIN/20090320151232.jpg 82,238,346,214 1488
foodcamimages/TRAIN/20090320170111.jpg 32,388,546,81 1489
foodcamimages/TRAIN/20090324202726.jpg 238,143,239,215 39
foodcamimages/TRAIN/20090325144045.jpg 181,178,298,218 1499
foodcamimages/TRAIN/20090325173929.jpg 288,186,142,138 1513
foodcamimages/TRAIN/20090326151307.jpg 136,189,309,205 1488
foodcamimages/TRAIN/20090326183811.jpg 90,213,525,224 1499
foodcamimages/TRAIN/20090326200155.jpg 467,162,162,246 1513
foodcamimages/TRAIN/20090326231926.jpg 490,155,116,205 1513
foodcamimages/TRAIN/20090327135105.jpg 0,0,0,0 1498
foodcamimages/TRAIN/20090327140056.jpg 342,127,254,165 1491
foodcamimages/TRAIN/20090327153355.jpg 112,169,170,273 1488
foodcamimages/TRAIN/20090327181739.jpg 270,211,247,171 1491
foodcamimages/TRAIN/20090330211004.jpg 143,147,405,202 1499
foodcamimages/TRAIN/20090401145121.jpg 0,0,0,0 1498
foodcamimages/TRAIN/20090402201215.jpg 109,162,190,173 1513
foodcamimages/TRAIN/20090402201456.jpg 100,176,177,165 1513
foodcamimages/TRAIN/20090403141312.jpg 92,194,164,179 1513
foodcamimages/TRAIN/20090403142842.jpg 212,164,193,206 1491
foodcamimages/TRAIN/20090403165843.jpg 158,152,340,273 1489
